1 2
1 3
1 4
1 5
1 6
1 7
1 8
1 9
1 10
1 11
5 145
5 259
5 492
6 122
6 128
6 129
6 180
6 248
6 250
6 265
6 354
6 425
6 427
8 146
8 177
8 178
8 354
10 125
10 148
10 178
10 247
10 248
10 249
10 250
10 251
10 252
10 253
12 13
12 14
12 15
12 16
12 17
12 18
12 19
12 20
12 21
12 22
16 4
16 124
16 130
16 144
16 252
16 265
16 368
16 427
16 428
21 122
21 148
21 369
21 428
22 93
23 24
23 25
23 26
23 27
23 28
23 29
23 30
23 31
23 32
23 33
31 4
31 6
31 9
31 122
31 125
31 127
31 146
31 175
31 250
31 425
32 125
34 35
34 36
34 37
34 38
34 39
34 40
34 41
34 42
34 43
34 44
37 4
37 124
37 127
37 146
37 175
37 180
37 248
37 250
37 265
37 425
45 46
45 47
45 48
45 49
45 50
45 51
45 52
45 53
45 54
45 55
50 102
50 339
56 57
56 58
56 59
56 60
56 61
56 62
56 63
56 64
56 65
56 66
65 92
65 103
65 107
66 87
67 17
67 68
67 69
67 70
67 71
67 72
67 73
67 74
67 75
67 76
68 473
69 153
69 220
69 347
76 191
76 220
76 263
77 78
77 79
77 80
77 81
77 82
77 83
77 84
77 85
77 86
77 87
84 8
84 9
84 10
84 149
84 352
84 427
88 89
88 90
88 91
88 92
88 93
88 94
88 95
88 96
88 97
88 98
90 212
92 244
99 100
99 101
99 102
99 103
99 104
99 105
99 106
99 107
99 108
99 109
102 144
102 148
102 250
102 252
102 265
102 370
102 423
106 364
109 325
109 366
110 111
110 112
110 113
110 114
110 115
110 116
110 117
110 118
110 119
110 120
114 18
114 144
114 145
114 146
114 180
114 369
114 425
121 4
121 122
121 123
121 124
121 125
121 126
121 127
121 128
121 129
121 130
124 4
124 8
124 144
124 146
124 147
124 148
124 253
124 368
124 391
124 424
125 123
125 124
125 146
125 148
125 177
125 249
125 391
126 133
126 223
127 128
127 370
128 10
128 145
128 176
128 178
128 248
128 428
130 134
130 220
131 132
131 133
131 134
131 135
131 136
131 137
131 138
131 139
131 140
131 141
132 94
133 6
133 10
133 148
133 251
133 354
134 111
134 254
136 35
136 133
137 58
137 471
139 24
139 447
142 8
142 143
142 144
142 145
142 146
142 147
142 148
142 149
142 150
142 151
144 123
144 125
144 129
144 147
144 247
144 250
144 368
144 427
144 428
145 9
145 122
145 123
145 126
145 147
145 247
145 250
145 265
145 368
146 150
146 247
146 266
146 368
146 391
147 8
147 286
148 9
148 129
148 177
148 178
148 265
148 368
148 425
148 428
149 122
149 123
149 124
149 125
149 177
149 247
149 249
149 368
149 423
150 6
150 11
150 129
150 149
150 239
150 251
150 253
150 266
150 354
152 153
152 154
152 155
152 156
152 157
152 158
152 159
152 160
152 161
152 162
156 6
156 122
156 127
156 129
156 130
156 176
156 239
156 354
159 412
161 14
163 164
163 165
163 166
163 167
163 168
163 169
163 170
163 171
163 172
163 173
166 103
166 109
168 9
168 18
168 122
168 130
168 176
168 239
168 267
168 354
168 425
173 128
173 129
173 130
173 146
173 175
173 178
173 248
173 354
174 125
174 129
174 145
174 175
174 176
174 177
174 178
174 179
174 180
174 181
175 4
175 6
175 8
175 123
175 127
175 143
175 146
175 250
175 428
177 6
177 249
177 370
178 144
178 146
178 150
178 267
178 368
178 369
179 256
179 257
180 5
180 10
180 18
180 32
180 124
180 126
180 251
181 4
182 183
182 184
182 185
182 186
182 187
182 188
182 189
182 190
182 191
182 192
192 78
193 39
193 194
193 195
193 196
193 197
195 87
195 140
196 5
196 125
196 144
196 177
196 369
196 423
197 247
197 425
198 199
198 200
198 201
198 202
198 203
198 204
198 205
198 206
198 207
198 208
199 413
209 210
209 211
209 212
209 213
209 214
209 215
209 216
209 217
209 218
212 495
219 220
219 221
219 222
219 223
219 224
219 225
219 226
219 227
219 228
226 200
226 222
227 169
227 315
229 177
229 183
229 230
229 231
229 232
229 233
229 234
229 235
229 236
237 25
237 238
237 239
237 240
237 241
237 242
237 243
237 244
237 245
237 246
239 10
239 144
239 147
239 175
245 339
249 327
250 124
250 251
250 252
250 352
251 52
251 65
251 115
253 63
254 220
254 255
254 256
254 257
254 258
254 259
254 260
254 261
254 262
254 263
258 70
264 5
264 127
264 147
264 148
264 265
264 266
264 267
264 268
264 269
264 270
265 250
268 415
271 191
271 272
271 273
271 274
271 275
271 276
271 277
271 278
271 279
277 273
277 275
280 9
280 281
280 282
280 283
280 284
280 285
280 286
280 287
280 288
280 289
281 319
285 33
286 135
286 312
289 93
289 210
290 291
290 292
290 293
290 294
290 295
290 296
290 297
290 298
290 299
290 300
299 8
299 9
299 122
299 145
299 253
299 267
299 353
299 425
300 176
300 379
300 444
301 219
301 302
301 303
301 304
301 305
301 306
301 307
301 308
301 309
301 310
304 310
304 342
311 312
311 313
311 314
311 315
311 316
311 317
311 318
311 319
311 320
311 321
312 128
312 144
312 252
312 253
312 265
312 370
315 122
315 148
315 178
315 249
315 250
315 253
315 265
315 267
315 424
322 33
322 323
322 324
322 325
322 326
322 327
322 328
322 329
322 330
322 331
326 83
328 9
328 97
332 101
332 333
332 334
332 335
332 336
332 337
332 338
332 339
332 340
335 269
335 377
336 82
336 142
336 495
340 5
340 6
340 8
340 149
340 265
340 365
341 342
341 343
341 344
341 345
341 346
341 347
341 348
341 349
341 350
341 351
342 371
344 123
344 128
344 177
344 250
344 252
346 127
346 150
346 178
346 180
346 249
346 267
346 425
347 239
347 344
350 474
351 330
351 379
351 433
352 122
352 177
352 353
352 354
352 355
352 356
352 357
352 358
352 359
352 360
353 5
353 147
353 177
353 250
353 267
353 368
353 369
353 423
354 123
354 124
354 128
354 250
354 252
354 368
354 369
356 50
356 118
361 66
361 362
361 363
361 364
361 365
361 366
367 4
367 125
367 148
367 178
367 252
367 265
367 267
367 368
367 369
367 370
368 5
368 6
368 8
368 265
368 267
370 10
370 146
370 175
370 247
370 265
370 267
370 423
371 372
371 373
371 374
371 375
371 376
371 377
371 378
371 379
371 380
371 381
372 5
372 8
372 10
372 149
372 252
372 265
372 266
372 368
372 423
373 232
373 296
378 128
378 130
378 177
378 370
378 424
379 122
379 123
379 124
379 128
379 144
379 252
379 391
381 219
382 31
382 280
382 383
382 384
382 385
382 386
382 387
382 388
382 389
382 390
386 24
386 315
387 390
391 109
391 262
391 392
391 393
391 394
391 395
391 396
391 397
391 398
391 399
392 123
392 125
392 147
392 249
392 354
392 423
392 428
399 177
400 401
400 402
400 403
400 404
400 405
400 406
400 407
400 408
400 409
400 410
402 123
402 125
402 128
402 147
402 248
402 265
402 423
402 424
402 428
408 413
410 4
410 147
410 148
410 176
410 248
410 249
410 267
410 369
410 423
411 412
411 413
411 414
411 415
411 416
411 417
411 418
411 419
411 420
411 421
412 97
416 157
416 428
422 9
422 123
422 124
422 126
422 265
422 353
422 391
422 423
422 424
422 425
424 5
424 128
424 391
424 428
426 9
426 122
426 123
426 129
426 148
426 178
426 252
426 423
426 427
426 428
428 5
428 125
428 252
428 266
428 354
428 370
429 430
429 431
429 432
429 433
429 434
429 435
429 436
429 437
429 438
429 439
432 488
434 21
435 5
435 6
435 8
435 128
435 146
435 149
435 267
436 128
439 157
439 457
440 441
440 442
440 443
440 444
440 445
440 446
440 447
440 448
440 449
440 450
441 262
449 109
449 129
449 149
450 5
450 127
450 130
450 146
450 148
450 239
450 267
450 369
451 39
451 204
451 452
451 453
451 454
451 455
451 456
451 457
451 458
459 460
459 461
459 462
459 463
459 464
459 465
459 466
459 467
459 468
459 469
470 42
470 103
470 471
470 472
470 473
470 474
470 475
470 476
470 477
470 478
473 348
479 480
479 481
479 482
479 483
479 484
479 485
479 486
479 487
479 488
479 489
481 383
482 5
482 125
482 266
482 354
482 369
482 370
485 338
486 9
486 122
486 124
486 149
486 180
486 250
486 252
486 354
486 370
490 225
490 491
490 492
490 493
490 494
490 495
490 496
490 497
490 498
490 499
491 357
497 165
497 419
500 72
500 467
